0.100000E+01 0.149013E+00
0.101000E+01 0.148516E+00
0.102000E+01 0.148071E+00
0.103000E+01 0.147678E+00
0.104000E+01 0.147338E+00
0.105000E+01 0.147040E+00
0.106000E+01 0.146795E+00
0.107000E+01 0.146609E+00
0.108000E+01 0.146474E+00
0.109000E+01 0.146391E+00
0.110000E+01 0.146358E+00
0.111000E+01 0.146376E+00
0.112000E+01 0.146460E+00
0.113000E+01 0.146587E+00
0.114000E+01 0.146771E+00
0.115000E+01 0.147014E+00
0.116000E+01 0.147314E+00
0.117000E+01 0.147664E+00
0.118000E+01 0.148078E+00
0.119000E+01 0.148542E+00
0.120000E+01 0.149062E+00
0.121000E+01 0.149639E+00
0.122000E+01 0.150272E+00
0.123000E+01 0.150969E+00
0.124000E+01 0.151715E+00
0.125000E+01 0.152524E+00
0.126000E+01 0.153388E+00
0.127000E+01 0.154314E+00
0.128000E+01 0.155289E+00
0.129000E+01 0.156333E+00
0.130000E+01 0.157344E+00
0.131000E+01 0.158297E+00
0.132000E+01 0.159172E+00
0.133000E+01 0.159991E+00
0.134000E+01 0.160744E+00
0.135000E+01 0.161437E+00
0.136000E+01 0.162066E+00
0.137000E+01 0.162639E+00
0.138000E+01 0.163160E+00
0.139000E+01 0.163625E+00
0.140000E+01 0.164041E+00
0.141000E+01 0.164409E+00
0.142000E+01 0.164721E+00
0.143000E+01 0.164994E+00
0.144000E+01 0.165216E+00
0.145000E+01 0.165402E+00
0.146000E+01 0.165547E+00
0.147000E+01 0.165645E+00
0.148000E+01 0.165712E+00
0.149000E+01 0.165748E+00
0.150000E+01 0.165742E+00
0.151000E+01 0.165704E+00
0.152000E+01 0.165639E+00
0.153000E+01 0.165542E+00
0.154000E+01 0.165422E+00
0.155000E+01 0.165268E+00
0.156000E+01 0.165098E+00
0.157000E+01 0.164898E+00
0.158000E+01 0.164678E+00
0.159000E+01 0.164437E+00
0.160000E+01 0.164177E+00
0.161000E+01 0.163898E+00
0.162000E+01 0.163603E+00
0.163000E+01 0.163293E+00
0.164000E+01 0.162969E+00
0.165000E+01 0.162631E+00
0.166000E+01 0.162281E+00
0.167000E+01 0.161924E+00
0.168000E+01 0.161554E+00
0.169000E+01 0.161177E+00
0.170000E+01 0.160795E+00
0.171000E+01 0.160400E+00
0.172000E+01 0.160006E+00
0.173000E+01 0.159599E+00
0.174000E+01 0.159199E+00
0.175000E+01 0.158791E+00
0.176000E+01 0.158383E+00
0.177000E+01 0.157973E+00
0.178000E+01 0.157560E+00
0.179000E+01 0.157153E+00
0.180000E+01 0.156749E+00
0.181000E+01 0.156344E+00
0.182000E+01 0.155944E+00
0.183000E+01 0.155548E+00
0.184000E+01 0.155152E+00
0.185000E+01 0.154767E+00
0.186000E+01 0.154386E+00
0.187000E+01 0.154012E+00
0.188000E+01 0.153645E+00
0.189000E+01 0.153292E+00
0.190000E+01 0.152940E+00
0.191000E+01 0.152603E+00
0.192000E+01 0.152274E+00
0.193000E+01 0.151958E+00
0.194000E+01 0.151651E+00
0.195000E+01 0.151357E+00
0.196000E+01 0.151074E+00
0.197000E+01 0.150804E+00
0.198000E+01 0.150548E+00
0.199000E+01 0.150304E+00
0.200000E+01 0.150077E+00
0.201000E+01 0.149863E+00
0.202000E+01 0.149664E+00
0.203000E+01 0.149481E+00
0.204000E+01 0.149314E+00
0.205000E+01 0.149167E+00
0.206000E+01 0.149033E+00
0.207000E+01 0.148916E+00
0.208000E+01 0.148822E+00
0.209000E+01 0.148740E+00
0.210000E+01 0.148679E+00
0.211000E+01 0.148638E+00
0.212000E+01 0.148613E+00
0.213000E+01 0.148609E+00
0.214000E+01 0.148627E+00
0.215000E+01 0.148664E+00
0.216000E+01 0.148719E+00
0.217000E+01 0.148794E+00
0.218000E+01 0.148895E+00
0.219000E+01 0.149015E+00
0.220000E+01 0.149159E+00
0.221000E+01 0.149319E+00
0.222000E+01 0.149505E+00
0.223000E+01 0.149714E+00
0.224000E+01 0.149941E+00
0.225000E+01 0.150195E+00
0.226000E+01 0.150470E+00
0.227000E+01 0.150772E+00
0.228000E+01 0.151095E+00
0.229000E+01 0.151445E+00
0.230000E+01 0.151814E+00
0.231000E+01 0.152210E+00
0.232000E+01 0.152631E+00
0.233000E+01 0.153071E+00
0.234000E+01 0.153494E+00
0.235000E+01 0.153891E+00
0.236000E+01 0.154258E+00
0.237000E+01 0.154597E+00
0.238000E+01 0.154904E+00
0.239000E+01 0.155185E+00
0.240000E+01 0.155443E+00
0.241000E+01 0.155678E+00
0.242000E+01 0.155885E+00
0.243000E+01 0.156069E+00
0.244000E+01 0.156233E+00
0.245000E+01 0.156372E+00
0.246000E+01 0.156492E+00
0.247000E+01 0.156595E+00
0.248000E+01 0.156671E+00
0.249000E+01 0.156734E+00
0.250000E+01 0.156778E+00
0.251000E+01 0.156808E+00
0.252000E+01 0.156819E+00
0.253000E+01 0.156815E+00
0.254000E+01 0.156793E+00
0.255000E+01 0.156761E+00
0.256000E+01 0.156716E+00
0.257000E+01 0.156655E+00
0.258000E+01 0.156582E+00
0.259000E+01 0.156500E+00
0.260000E+01 0.156406E+00
0.261000E+01 0.156299E+00
0.262000E+01 0.156185E+00
0.263000E+01 0.156061E+00
0.264000E+01 0.155930E+00
0.265000E+01 0.155791E+00
0.266000E+01 0.155643E+00
0.267000E+01 0.155491E+00
0.268000E+01 0.155330E+00
0.269000E+01 0.155164E+00
0.270000E+01 0.154993E+00
0.271000E+01 0.154815E+00
0.272000E+01 0.154638E+00
0.273000E+01 0.154453E+00
0.274000E+01 0.154267E+00
0.275000E+01 0.154077E+00
0.276000E+01 0.153887E+00
0.277000E+01 0.153694E+00
0.278000E+01 0.153499E+00
0.279000E+01 0.153303E+00
0.280000E+01 0.153107E+00
0.281000E+01 0.152908E+00
0.282000E+01 0.152715E+00
0.283000E+01 0.152519E+00
0.284000E+01 0.152324E+00
0.285000E+01 0.152133E+00
0.286000E+01 0.151941E+00
0.287000E+01 0.151757E+00
0.288000E+01 0.151572E+00
0.289000E+01 0.151388E+00
0.290000E+01 0.151209E+00
0.291000E+01 0.151036E+00
0.292000E+01 0.150864E+00
0.293000E+01 0.150698E+00
0.294000E+01 0.150538E+00
0.295000E+01 0.150381E+00
0.296000E+01 0.150231E+00
0.297000E+01 0.150086E+00
0.298000E+01 0.149946E+00
0.299000E+01 0.149813E+00
0.300000E+01 0.149688E+00
0.301000E+01 0.149569E+00
0.302000E+01 0.149458E+00
0.303000E+01 0.149354E+00
0.304000E+01 0.149258E+00
0.305000E+01 0.149167E+00
0.306000E+01 0.149089E+00
0.307000E+01 0.149018E+00
0.308000E+01 0.148956E+00
0.309000E+01 0.148902E+00
0.310000E+01 0.148857E+00
0.311000E+01 0.148822E+00
0.312000E+01 0.148797E+00
0.313000E+01 0.148782E+00
0.314000E+01 0.148779E+00
0.315000E+01 0.148784E+00
0.316000E+01 0.148798E+00
0.317000E+01 0.148826E+00
0.318000E+01 0.148864E+00
0.319000E+01 0.148913E+00
0.320000E+01 0.148974E+00
0.321000E+01 0.149045E+00
0.322000E+01 0.149129E+00
0.323000E+01 0.149225E+00
0.324000E+01 0.149335E+00
0.325000E+01 0.149456E+00
0.326000E+01 0.149589E+00
0.327000E+01 0.149734E+00
0.328000E+01 0.149894E+00
0.329000E+01 0.150065E+00
0.330000E+01 0.150249E+00
0.331000E+01 0.150449E+00
0.332000E+01 0.150661E+00
0.333000E+01 0.150885E+00
0.334000E+01 0.151125E+00
0.335000E+01 0.151372E+00
0.336000E+01 0.151600E+00
0.337000E+01 0.151814E+00
0.338000E+01 0.152011E+00
0.339000E+01 0.152193E+00
0.340000E+01 0.152358E+00
0.341000E+01 0.152510E+00
0.342000E+01 0.152647E+00
0.343000E+01 0.152772E+00
0.344000E+01 0.152879E+00
0.345000E+01 0.152979E+00
0.346000E+01 0.153062E+00
0.347000E+01 0.153135E+00
0.348000E+01 0.153197E+00
0.349000E+01 0.153248E+00
0.350000E+01 0.153288E+00
0.351000E+01 0.153319E+00
0.352000E+01 0.153336E+00
0.353000E+01 0.153348E+00
0.354000E+01 0.153348E+00
0.355000E+01 0.153341E+00
0.356000E+01 0.153324E+00
0.357000E+01 0.153301E+00
0.358000E+01 0.153269E+00
0.359000E+01 0.153231E+00
0.360000E+01 0.153186E+00
0.361000E+01 0.153131E+00
0.362000E+01 0.153074E+00
0.363000E+01 0.153010E+00
0.364000E+01 0.152940E+00
0.365000E+01 0.152864E+00
0.366000E+01 0.152785E+00
0.367000E+01 0.152702E+00
0.368000E+01 0.152613E+00
0.369000E+01 0.152522E+00
0.370000E+01 0.152426E+00
0.371000E+01 0.152329E+00
0.372000E+01 0.152226E+00
0.373000E+01 0.152122E+00
0.374000E+01 0.152017E+00
0.375000E+01 0.151905E+00
0.376000E+01 0.151797E+00
0.377000E+01 0.151683E+00
0.378000E+01 0.151570E+00
0.379000E+01 0.151454E+00
0.380000E+01 0.151341E+00
0.381000E+01 0.151225E+00
0.382000E+01 0.151111E+00
0.383000E+01 0.150993E+00
0.384000E+01 0.150879E+00
0.385000E+01 0.150765E+00
0.386000E+01 0.150649E+00
0.387000E+01 0.150536E+00
0.388000E+01 0.150425E+00
0.389000E+01 0.150314E+00
0.390000E+01 0.150206E+00
0.391000E+01 0.150100E+00
0.392000E+01 0.149996E+00
0.393000E+01 0.149892E+00
0.394000E+01 0.149794E+00
0.395000E+01 0.149696E+00
0.396000E+01 0.149603E+00
0.397000E+01 0.149512E+00
0.398000E+01 0.149426E+00
0.399000E+01 0.149343E+00
0.400000E+01 0.149261E+00
0.401000E+01 0.149188E+00
0.402000E+01 0.149115E+00
0.403000E+01 0.149047E+00
0.404000E+01 0.148983E+00
0.405000E+01 0.148928E+00
0.406000E+01 0.148876E+00
0.407000E+01 0.148826E+00
0.408000E+01 0.148783E+00
0.409000E+01 0.148745E+00
0.410000E+01 0.148714E+00
0.411000E+01 0.148687E+00
0.412000E+01 0.148667E+00
0.413000E+01 0.148652E+00
0.414000E+01 0.148646E+00
0.415000E+01 0.148644E+00
0.416000E+01 0.148648E+00
0.417000E+01 0.148660E+00
0.418000E+01 0.148678E+00
0.419000E+01 0.148705E+00
0.420000E+01 0.148737E+00
0.421000E+01 0.148774E+00
0.422000E+01 0.148823E+00
0.423000E+01 0.148877E+00
0.424000E+01 0.148939E+00
0.425000E+01 0.149010E+00
0.426000E+01 0.149085E+00
0.427000E+01 0.149171E+00
0.428000E+01 0.149266E+00
0.429000E+01 0.149368E+00
0.430000E+01 0.149477E+00
0.431000E+01 0.149598E+00
0.432000E+01 0.149726E+00
0.433000E+01 0.149861E+00
0.434000E+01 0.150005E+00
0.435001E+01 0.150161E+00
0.436001E+01 0.150316E+00
0.437001E+01 0.150462E+00
0.438001E+01 0.150595E+00
0.439001E+01 0.150719E+00
0.440001E+01 0.150835E+00
0.441001E+01 0.150939E+00
0.442001E+01 0.151037E+00
0.443001E+01 0.151122E+00
0.444001E+01 0.151200E+00
0.445001E+01 0.151271E+00
0.446001E+01 0.151332E+00
0.447001E+01 0.151385E+00
0.448001E+01 0.151431E+00
0.449001E+01 0.151469E+00
0.450001E+01 0.151502E+00
0.451001E+01 0.151526E+00
0.452001E+01 0.151544E+00
0.453001E+01 0.151556E+00
0.454001E+01 0.151561E+00
0.455001E+01 0.151561E+00
0.456001E+01 0.151557E+00
0.457001E+01 0.151544E+00
0.458001E+01 0.151529E+00
0.459001E+01 0.151506E+00
0.460001E+01 0.151481E+00
0.461001E+01 0.151450E+00
0.462001E+01 0.151416E+00
0.463001E+01 0.151377E+00
0.464001E+01 0.151336E+00
0.465001E+01 0.151289E+00
0.466001E+01 0.151239E+00
0.467001E+01 0.151188E+00
0.468001E+01 0.151134E+00
0.469001E+01 0.151074E+00
0.470001E+01 0.151014E+00
0.471001E+01 0.150950E+00
0.472001E+01 0.150884E+00
0.473001E+01 0.150819E+00
0.474001E+01 0.150750E+00
0.475001E+01 0.150680E+00
0.476001E+01 0.150608E+00
0.477001E+01 0.150534E+00
0.478001E+01 0.150460E+00
0.479002E+01 0.150386E+00
0.480002E+01 0.150308E+00
0.481002E+01 0.150235E+00
0.482002E+01 0.150156E+00
0.483002E+01 0.150079E+00
0.484002E+01 0.150003E+00
0.485002E+01 0.149928E+00
0.486002E+01 0.149853E+00
0.487002E+01 0.149775E+00
0.488002E+01 0.149702E+00
0.489002E+01 0.149630E+00
0.490002E+01 0.149554E+00
0.491002E+01 0.149482E+00
0.492002E+01 0.149413E+00
0.493002E+01 0.149344E+00
0.494002E+01 0.149277E+00
0.495002E+01 0.149209E+00
0.496002E+01 0.149146E+00
0.497002E+01 0.149084E+00
0.498002E+01 0.149026E+00
0.499002E+01 0.148967E+00
0.500002E+01 0.148911E+00
0.501002E+01 0.148859E+00
0.502002E+01 0.148810E+00
0.503002E+01 0.148762E+00
0.504002E+01 0.148719E+00
0.505002E+01 0.148678E+00
0.506002E+01 0.148640E+00
0.507002E+01 0.148604E+00
0.508002E+01 0.148574E+00
0.509002E+01 0.148547E+00
0.510002E+01 0.148524E+00
0.511002E+01 0.148504E+00
0.512002E+01 0.148489E+00
0.513002E+01 0.148477E+00
0.514002E+01 0.148469E+00
0.515002E+01 0.148466E+00
0.516002E+01 0.148467E+00
0.517002E+01 0.148473E+00
0.518002E+01 0.148481E+00
0.519002E+01 0.148497E+00
0.520002E+01 0.148517E+00
0.521002E+01 0.148541E+00
0.522003E+01 0.148571E+00
0.523003E+01 0.148604E+00
0.524003E+01 0.148645E+00
0.525003E+01 0.148690E+00
0.526003E+01 0.148740E+00
0.527003E+01 0.148798E+00
0.528003E+01 0.148859E+00
0.529003E+01 0.148926E+00
0.530003E+01 0.148999E+00
0.531003E+01 0.149078E+00
0.532003E+01 0.149164E+00
0.533003E+01 0.149255E+00
0.534003E+01 0.149351E+00
0.535003E+01 0.149454E+00
0.536003E+01 0.149564E+00
0.537003E+01 0.149668E+00
0.538003E+01 0.149765E+00
0.539003E+01 0.149858E+00
0.540003E+01 0.149939E+00
0.541003E+01 0.150017E+00
0.542003E+01 0.150087E+00
0.543003E+01 0.150152E+00
0.544003E+01 0.150209E+00
0.545003E+01 0.150262E+00
0.546003E+01 0.150308E+00
0.547003E+01 0.150347E+00
0.548003E+01 0.150384E+00
0.549003E+01 0.150413E+00
0.550003E+01 0.150435E+00
0.551003E+01 0.150458E+00
0.552003E+01 0.150473E+00
0.553003E+01 0.150484E+00
0.554003E+01 0.150490E+00
0.555003E+01 0.150492E+00
0.556003E+01 0.150490E+00
0.557003E+01 0.150484E+00
0.558003E+01 0.150475E+00
0.559003E+01 0.150461E+00
0.560003E+01 0.150447E+00
0.561003E+01 0.150427E+00
0.562003E+01 0.150405E+00
0.563003E+01 0.150378E+00
0.564003E+01 0.150350E+00
0.565003E+01 0.150318E+00
0.566004E+01 0.150286E+00
0.567004E+01 0.150251E+00
0.568004E+01 0.150210E+00
0.569004E+01 0.150171E+00
0.570004E+01 0.150131E+00
0.571004E+01 0.150086E+00
0.572004E+01 0.150042E+00
0.573004E+01 0.149994E+00
0.574004E+01 0.149948E+00
0.575004E+01 0.149898E+00
0.576004E+01 0.149849E+00
0.577004E+01 0.149796E+00
0.578004E+01 0.149745E+00
0.579004E+01 0.149691E+00
0.580004E+01 0.149639E+00
0.581004E+01 0.149585E+00
0.582004E+01 0.149532E+00
0.583004E+01 0.149475E+00
0.584004E+01 0.149421E+00
0.585004E+01 0.149368E+00
0.586004E+01 0.149312E+00
0.587004E+01 0.149259E+00
0.588004E+01 0.149205E+00
0.589004E+01 0.149150E+00
0.590004E+01 0.149099E+00
0.591004E+01 0.149047E+00
0.592004E+01 0.148998E+00
0.593004E+01 0.148948E+00
0.594004E+01 0.148898E+00
0.595004E+01 0.148850E+00
0.596004E+01 0.148804E+00
0.597004E+01 0.148759E+00
0.598004E+01 0.148716E+00
0.599004E+01 0.148674E+00
0.600004E+01 0.148634E+00
0.601004E+01 0.148595E+00
0.602004E+01 0.148558E+00
0.603004E+01 0.148525E+00
0.604004E+01 0.148491E+00
0.605004E+01 0.148461E+00
0.606004E+01 0.148433E+00
0.607004E+01 0.148407E+00
0.608004E+01 0.148383E+00
0.609004E+01 0.148365E+00
0.610005E+01 0.148345E+00
0.611005E+01 0.148331E+00
0.612005E+01 0.148316E+00
0.613005E+01 0.148308E+00
0.614005E+01 0.148302E+00
0.615005E+01 0.148297E+00
0.616005E+01 0.148296E+00
0.617005E+01 0.148300E+00
0.618005E+01 0.148305E+00
0.619005E+01 0.148315E+00
0.620005E+01 0.148328E+00
0.621005E+01 0.148345E+00
0.622005E+01 0.148364E+00
0.623005E+01 0.148387E+00
0.624005E+01 0.148416E+00
0.625005E+01 0.148446E+00
0.626005E+01 0.148485E+00
0.627005E+01 0.148522E+00
0.628005E+01 0.148566E+00
0.629005E+01 0.148613E+00
0.630005E+01 0.148665E+00
0.631005E+01 0.148722E+00
0.632005E+01 0.148783E+00
0.633005E+01 0.148848E+00
0.634005E+01 0.148918E+00
0.635005E+01 0.148991E+00
0.636005E+01 0.149071E+00
0.637005E+01 0.149150E+00
0.638005E+01 0.149224E+00
0.639005E+01 0.149291E+00
0.640005E+01 0.149355E+00
0.641005E+01 0.149414E+00
0.642005E+01 0.149467E+00
0.643005E+01 0.149518E+00
0.644005E+01 0.149560E+00
0.645005E+01 0.149599E+00
0.646005E+01 0.149635E+00
0.647005E+01 0.149668E+00
0.648005E+01 0.149696E+00
0.649005E+01 0.149720E+00
0.650005E+01 0.149739E+00
0.651005E+01 0.149754E+00
0.652005E+01 0.149768E+00
0.653006E+01 0.149777E+00
0.654006E+01 0.149784E+00
0.655006E+01 0.149786E+00
0.656006E+01 0.149786E+00
0.657006E+01 0.149783E+00
0.658006E+01 0.149777E+00
0.659006E+01 0.149769E+00
0.660006E+01 0.149757E+00
0.661006E+01 0.149744E+00
0.662006E+01 0.149729E+00
0.663006E+01 0.149710E+00
0.664006E+01 0.149690E+00
0.665006E+01 0.149668E+00
0.666006E+01 0.149644E+00
0.667006E+01 0.149618E+00
0.668006E+01 0.149590E+00
0.669006E+01 0.149560E+00
0.670006E+01 0.149531E+00
0.671006E+01 0.149499E+00
0.672006E+01 0.149465E+00
0.673006E+01 0.149433E+00
0.674006E+01 0.149395E+00
0.675006E+01 0.149360E+00
0.676006E+01 0.149323E+00
0.677006E+01 0.149285E+00
0.678006E+01 0.149248E+00
0.679006E+01 0.149207E+00
0.680006E+01 0.149167E+00
0.681006E+01 0.149129E+00
0.682006E+01 0.149088E+00
0.683006E+01 0.149046E+00
0.684006E+01 0.149005E+00
0.685006E+01 0.148965E+00
0.686006E+01 0.148924E+00
0.687006E+01 0.148885E+00
0.688006E+01 0.148844E+00
0.689006E+01 0.148804E+00
0.690006E+01 0.148765E+00
0.691006E+01 0.148725E+00
0.692006E+01 0.148686E+00
0.693006E+01 0.148650E+00
0.694006E+01 0.148612E+00
0.695006E+01 0.148575E+00
0.696006E+01 0.148541E+00
0.697007E+01 0.148506E+00
0.698007E+01 0.148474E+00
0.699007E+01 0.148444E+00
0.700007E+01 0.148411E+00
0.701007E+01 0.148383E+00
0.702007E+01 0.148353E+00
0.703007E+01 0.148328E+00
0.704007E+01 0.148303E+00
0.705007E+01 0.148279E+00
0.706007E+01 0.148256E+00
0.707007E+01 0.148238E+00
0.708007E+01 0.148218E+00
0.709007E+01 0.148203E+00
0.710007E+01 0.148189E+00
0.711007E+01 0.148177E+00
0.712007E+01 0.148166E+00
0.713007E+01 0.148159E+00
0.714007E+01 0.148152E+00
0.715007E+01 0.148150E+00
0.716007E+01 0.148149E+00
0.717007E+01 0.148150E+00
0.718007E+01 0.148151E+00
0.719007E+01 0.148157E+00
0.720007E+01 0.148169E+00
0.721007E+01 0.148180E+00
0.722007E+01 0.148195E+00
0.723007E+01 0.148212E+00
0.724007E+01 0.148232E+00
0.725007E+01 0.148254E+00
0.726007E+01 0.148281E+00
0.727007E+01 0.148311E+00
0.728007E+01 0.148343E+00
0.729007E+01 0.148380E+00
0.730007E+01 0.148418E+00
0.731007E+01 0.148459E+00
0.732007E+01 0.148506E+00
0.733007E+01 0.148555E+00
0.734007E+01 0.148607E+00
0.735007E+01 0.148662E+00
0.736007E+01 0.148722E+00
0.737007E+01 0.148782E+00
0.738007E+01 0.148841E+00
0.739007E+01 0.148894E+00
0.740007E+01 0.148946E+00
0.741008E+01 0.148990E+00
0.742008E+01 0.149032E+00
0.743008E+01 0.149071E+00
0.744008E+01 0.149106E+00
0.745008E+01 0.149137E+00
0.746008E+01 0.149166E+00
0.747008E+01 0.149192E+00
0.748008E+01 0.149213E+00
0.749008E+01 0.149232E+00
0.750008E+01 0.149248E+00
0.751008E+01 0.149261E+00
0.752008E+01 0.149272E+00
0.753008E+01 0.149282E+00
0.754008E+01 0.149285E+00
0.755008E+01 0.149288E+00
0.756008E+01 0.149288E+00
0.757008E+01 0.149287E+00
0.758008E+01 0.149285E+00
0.759008E+01 0.149277E+00
0.760008E+01 0.149269E+00
0.761008E+01 0.149261E+00
0.762008E+01 0.149249E+00
0.763008E+01 0.149235E+00
0.764008E+01 0.149219E+00
0.765008E+01 0.149203E+00
0.766008E+01 0.149186E+00
0.767008E+01 0.149166E+00
0.768008E+01 0.149147E+00
0.769008E+01 0.149124E+00
0.770008E+01 0.149100E+00
0.771008E+01 0.149076E+00
0.772008E+01 0.149051E+00
0.773008E+01 0.149025E+00
0.774008E+01 0.148996E+00
0.775008E+01 0.148967E+00
0.776008E+01 0.148941E+00
0.777008E+01 0.148910E+00
0.778008E+01 0.148881E+00
0.779008E+01 0.148852E+00
0.780008E+01 0.148820E+00
0.781008E+01 0.148789E+00
0.782008E+01 0.148757E+00
0.783008E+01 0.148727E+00
0.784009E+01 0.148694E+00
0.785009E+01 0.148663E+00
0.786009E+01 0.148632E+00
0.787009E+01 0.148601E+00
0.788009E+01 0.148569E+00
0.789009E+01 0.148539E+00
0.790009E+01 0.148506E+00
0.791009E+01 0.148478E+00
0.792009E+01 0.148448E+00
0.793009E+01 0.148419E+00
0.794009E+01 0.148389E+00
0.795009E+01 0.148360E+00
0.796009E+01 0.148333E+00
0.797009E+01 0.148304E+00
0.798009E+01 0.148280E+00
0.799009E+01 0.148255E+00
0.800009E+01 0.148232E+00
0.801009E+01 0.148208E+00
0.802009E+01 0.148187E+00
0.803009E+01 0.148165E+00
0.804009E+01 0.148145E+00
0.805009E+01 0.148125E+00
0.806009E+01 0.148109E+00
0.807009E+01 0.148091E+00
0.808009E+01 0.148077E+00
0.809009E+01 0.148064E+00
0.810009E+01 0.148053E+00
0.811009E+01 0.148044E+00
0.812009E+01 0.148035E+00
0.813009E+01 0.148028E+00
0.814009E+01 0.148024E+00
0.815009E+01 0.148021E+00
0.816009E+01 0.148019E+00
0.817009E+01 0.148019E+00
0.818009E+01 0.148023E+00
0.819009E+01 0.148027E+00
0.820009E+01 0.148033E+00
0.821009E+01 0.148042E+00
0.822009E+01 0.148053E+00
0.823009E+01 0.148067E+00
0.824009E+01 0.148082E+00
0.825009E+01 0.148100E+00
0.826009E+01 0.148121E+00
0.827009E+01 0.148143E+00
0.828010E+01 0.148167E+00
0.829010E+01 0.148195E+00
0.830010E+01 0.148224E+00
0.831010E+01 0.148258E+00
0.832010E+01 0.148294E+00
0.833010E+01 0.148329E+00
0.834010E+01 0.148371E+00
0.835010E+01 0.148415E+00
0.836010E+01 0.148461E+00
0.837010E+01 0.148510E+00
0.838010E+01 0.148556E+00
0.839010E+01 0.148600E+00
0.840010E+01 0.148640E+00
0.841010E+01 0.148675E+00
0.842010E+01 0.148710E+00
0.843010E+01 0.148742E+00
0.844010E+01 0.148770E+00
0.845010E+01 0.148796E+00
0.846010E+01 0.148819E+00
0.847010E+01 0.148839E+00
0.848010E+01 0.148858E+00
0.849010E+01 0.148872E+00
0.850010E+01 0.148886E+00
0.851010E+01 0.148897E+00
0.852010E+01 0.148904E+00
0.853010E+01 0.148914E+00
0.854010E+01 0.148918E+00
0.855010E+01 0.148922E+00
0.856010E+01 0.148921E+00
0.857010E+01 0.148922E+00
0.858010E+01 0.148919E+00
0.859010E+01 0.148913E+00
0.860010E+01 0.148909E+00
0.861010E+01 0.148901E+00
0.862010E+01 0.148891E+00
0.863010E+01 0.148881E+00
0.864010E+01 0.148870E+00
0.865010E+01 0.148856E+00
0.866010E+01 0.148842E+00
0.867010E+01 0.148827E+00
0.868010E+01 0.148811E+00
0.869010E+01 0.148794E+00
0.870010E+01 0.148777E+00
0.871010E+01 0.148757E+00
0.872011E+01 0.148736E+00
0.873011E+01 0.148715E+00
0.874011E+01 0.148694E+00
0.875011E+01 0.148672E+00
0.876011E+01 0.148649E+00
0.877011E+01 0.148628E+00
0.878011E+01 0.148602E+00
0.879011E+01 0.148579E+00
0.880011E+01 0.148554E+00
0.881011E+01 0.148530E+00
0.882011E+01 0.148505E+00
0.883011E+01 0.148480E+00
0.884011E+01 0.148455E+00
0.885011E+01 0.148430E+00
0.886011E+01 0.148405E+00
0.887011E+01 0.148380E+00
0.888011E+01 0.148355E+00
0.889011E+01 0.148328E+00
0.890011E+01 0.148305E+00
0.891011E+01 0.148280E+00
0.892011E+01 0.148256E+00
0.893011E+01 0.148234E+00
0.894011E+01 0.148209E+00
0.895011E+01 0.148185E+00
0.896011E+01 0.148165E+00
0.897011E+01 0.148143E+00
0.898011E+01 0.148123E+00
0.899011E+01 0.148101E+00
0.900011E+01 0.148082E+00
0.901011E+01 0.148064E+00
0.902011E+01 0.148048E+00
0.903011E+01 0.148029E+00
0.904011E+01 0.148013E+00
0.905011E+01 0.147997E+00
0.906011E+01 0.147981E+00
0.907011E+01 0.147971E+00
0.908011E+01 0.147958E+00
0.909011E+01 0.147947E+00
0.910011E+01 0.147937E+00
0.911011E+01 0.147928E+00
0.912011E+01 0.147921E+00
0.913011E+01 0.147916E+00
0.914011E+01 0.147913E+00
0.915012E+01 0.147911E+00
0.916012E+01 0.147908E+00
0.917012E+01 0.147909E+00
0.918012E+01 0.147910E+00
0.919012E+01 0.147915E+00
0.920012E+01 0.147919E+00
0.921012E+01 0.147927E+00
0.922012E+01 0.147933E+00
0.923012E+01 0.147944E+00
0.924012E+01 0.147956E+00
0.925012E+01 0.147971E+00
0.926012E+01 0.147987E+00
0.927012E+01 0.148004E+00
0.928012E+01 0.148025E+00
0.929012E+01 0.148047E+00
0.930012E+01 0.148071E+00
0.931012E+01 0.148096E+00
0.932012E+01 0.148125E+00
0.933012E+01 0.148154E+00
0.934012E+01 0.148188E+00
0.935012E+01 0.148223E+00
0.936012E+01 0.148262E+00
0.937012E+01 0.148298E+00
0.938012E+01 0.148337E+00
0.939012E+01 0.148371E+00
0.940012E+01 0.148405E+00
0.941012E+01 0.148435E+00
0.942012E+01 0.148462E+00
0.943012E+01 0.148489E+00
0.944012E+01 0.148512E+00
0.945012E+01 0.148533E+00
0.946012E+01 0.148553E+00
0.947012E+01 0.148570E+00
0.948012E+01 0.148586E+00
0.949012E+01 0.148598E+00
0.950012E+01 0.148609E+00
0.951012E+01 0.148619E+00
0.952012E+01 0.148624E+00
0.953012E+01 0.148633E+00
0.954012E+01 0.148636E+00
0.955012E+01 0.148639E+00
0.956012E+01 0.148638E+00
0.957012E+01 0.148638E+00
0.958012E+01 0.148638E+00
0.959013E+01 0.148634E+00
0.960013E+01 0.148630E+00
0.961013E+01 0.148624E+00
0.962013E+01 0.148618E+00
0.963013E+01 0.148609E+00
0.964013E+01 0.148599E+00
0.965013E+01 0.148589E+00
0.966013E+01 0.148579E+00
0.967013E+01 0.148566E+00
0.968013E+01 0.148553E+00
0.969013E+01 0.148539E+00
0.970013E+01 0.148523E+00
0.971013E+01 0.148508E+00
0.972013E+01 0.148493E+00
0.973013E+01 0.148476E+00
0.974013E+01 0.148460E+00
0.975013E+01 0.148441E+00
0.976013E+01 0.148421E+00
0.977013E+01 0.148404E+00
0.978013E+01 0.148385E+00
0.979013E+01 0.148365E+00
0.980013E+01 0.148345E+00
0.981013E+01 0.148326E+00
0.982013E+01 0.148303E+00
0.983013E+01 0.148282E+00
0.984013E+01 0.148262E+00
0.985013E+01 0.148242E+00
0.986013E+01 0.148221E+00
0.987013E+01 0.148201E+00
0.988013E+01 0.148181E+00
0.989013E+01 0.148161E+00
0.990013E+01 0.148140E+00
0.991013E+01 0.148119E+00
0.992013E+01 0.148101E+00
0.993013E+01 0.148081E+00
0.994013E+01 0.148061E+00
0.995013E+01 0.148044E+00
0.996013E+01 0.148024E+00
0.997013E+01 0.148008E+00
0.998013E+01 0.147991E+00
0.999013E+01 0.147974E+00
0.100001E+02 0.147956E+00
0.100101E+02 0.147943E+00
0.100201E+02 0.147928E+00
0.100301E+02 0.147912E+00
0.100401E+02 0.147900E+00
0.100501E+02 0.147886E+00
0.100601E+02 0.147874E+00
0.100701E+02 0.147864E+00
0.100801E+02 0.147853E+00
0.100901E+02 0.147846E+00
0.101001E+02 0.147838E+00
0.101101E+02 0.147831E+00
0.101201E+02 0.147824E+00
0.101301E+02 0.147821E+00
0.101401E+02 0.147815E+00
0.101501E+02 0.147814E+00
0.101601E+02 0.147813E+00
0.101701E+02 0.147812E+00
0.101801E+02 0.147813E+00
0.101901E+02 0.147816E+00
0.102001E+02 0.147821E+00
0.102101E+02 0.147826E+00
0.102201E+02 0.147832E+00
0.102301E+02 0.147841E+00
0.102401E+02 0.147850E+00
0.102501E+02 0.147862E+00
0.102601E+02 0.147874E+00
0.102701E+02 0.147888E+00
0.102801E+02 0.147905E+00
0.102901E+02 0.147922E+00
0.103001E+02 0.147943E+00
0.103101E+02 0.147966E+00
0.103201E+02 0.147988E+00
0.103301E+02 0.148011E+00
0.103401E+02 0.148037E+00
0.103501E+02 0.148068E+00
0.103601E+02 0.148097E+00
0.103701E+02 0.148130E+00
0.103801E+02 0.148162E+00
0.103901E+02 0.148191E+00
0.104001E+02 0.148218E+00
0.104101E+02 0.148245E+00
0.104201E+02 0.148268E+00
0.104301E+02 0.148292E+00
0.104401E+02 0.148309E+00
0.104501E+02 0.148326E+00
0.104601E+02 0.148343E+00
0.104701E+02 0.148358E+00
0.104801E+02 0.148370E+00
0.104901E+02 0.148380E+00
0.105001E+02 0.148391E+00
0.105101E+02 0.148397E+00
0.105201E+02 0.148403E+00
0.105301E+02 0.148409E+00
0.105401E+02 0.148414E+00
0.105501E+02 0.148416E+00
0.105601E+02 0.148417E+00
0.105701E+02 0.148416E+00
0.105801E+02 0.148415E+00
0.105901E+02 0.148414E+00
0.106001E+02 0.148410E+00
0.106101E+02 0.148406E+00
0.106201E+02 0.148400E+00
0.106301E+02 0.148393E+00
0.106401E+02 0.148386E+00
0.106501E+02 0.148378E+00
0.106601E+02 0.148694E+00
0.106701E+02 0.148358E+00
0.106802E+02 0.148346E+00
0.106902E+02 0.148336E+00
0.107002E+02 0.148324E+00
0.107102E+02 0.148312E+00
0.107202E+02 0.148298E+00
0.107302E+02 0.148282E+00
0.107402E+02 0.148268E+00
0.107502E+02 0.148253E+00
0.107602E+02 0.148238E+00
0.107702E+02 0.148223E+00
0.107802E+02 0.148207E+00
0.107902E+02 0.148190E+00
0.108002E+02 0.148174E+00
0.108102E+02 0.148157E+00
0.108202E+02 0.148144E+00
0.108302E+02 0.148125E+00
0.108402E+02 0.148107E+00
0.108502E+02 0.148089E+00
0.108602E+02 0.148071E+00
0.108702E+02 0.148055E+00
0.108802E+02 0.148039E+00
0.108902E+02 0.148022E+00
0.109002E+02 0.148004E+00
0.109102E+02 0.147988E+00
0.109202E+02 0.147972E+00
0.109302E+02 0.147955E+00
0.109402E+02 0.147939E+00
0.109502E+02 0.147925E+00
0.109602E+02 0.147907E+00
0.109702E+02 0.147893E+00
0.109802E+02 0.147879E+00
0.109902E+02 0.147865E+00
0.110002E+02 0.147850E+00
0.110102E+02 0.147837E+00
0.110202E+02 0.147825E+00
0.110302E+02 0.147813E+00
0.110402E+02 0.147803E+00
0.110502E+02 0.147791E+00
0.110602E+02 0.147783E+00
0.110702E+02 0.147773E+00
0.110802E+02 0.147835E+00
0.110902E+02 0.147757E+00
0.111002E+02 0.147750E+00
0.111102E+02 0.147744E+00
0.111202E+02 0.147741E+00
0.111302E+02 0.147735E+00
0.111402E+02 0.147731E+00
0.111502E+02 0.147730E+00
0.111602E+02 0.147730E+00
0.111702E+02 0.147728E+00
0.111802E+02 0.147730E+00
0.111902E+02 0.147731E+00
0.112002E+02 0.147734E+00
0.112102E+02 0.147740E+00
0.112202E+02 0.147744E+00
0.112302E+02 0.147750E+00
0.112402E+02 0.147759E+00
0.112502E+02 0.147769E+00
0.112602E+02 0.147779E+00
0.112702E+02 0.147792E+00
0.112802E+02 0.147806E+00
0.112902E+02 0.147819E+00
0.113002E+02 0.147837E+00
0.113102E+02 0.147853E+00
0.113202E+02 0.147874E+00
0.113302E+02 0.147894E+00
0.113402E+02 0.147916E+00
0.113502E+02 0.147939E+00
0.113602E+02 0.147967E+00
0.113702E+02 0.147992E+00
0.113802E+02 0.148020E+00
0.113902E+02 0.148045E+00
0.114002E+02 0.148068E+00
0.114102E+02 0.148089E+00
0.114202E+02 0.148109E+00
0.114302E+02 0.148128E+00
0.114402E+02 0.148145E+00
0.114502E+02 0.148159E+00
0.114602E+02 0.148172E+00
0.114702E+02 0.148184E+00
0.114802E+02 0.148197E+00
0.114902E+02 0.148206E+00
0.115002E+02 0.148214E+00
0.115102E+02 0.148220E+00
0.115202E+02 0.148228E+00
0.115302E+02 0.148231E+00
0.115402E+02 0.148234E+00
0.115502E+02 0.148235E+00
0.115602E+02 0.148237E+00
0.115702E+02 0.148237E+00
0.115802E+02 0.148235E+00
0.115902E+02 0.148235E+00
0.116002E+02 0.148233E+00
0.116102E+02 0.148227E+00
0.116202E+02 0.148223E+00
0.116302E+02 0.148217E+00
0.116402E+02 0.148212E+00
0.116502E+02 0.148203E+00
0.116602E+02 0.148195E+00
0.116702E+02 0.148187E+00
0.116802E+02 0.148179E+00
0.116902E+02 0.148170E+00
0.117002E+02 0.148159E+00
0.117102E+02 0.148148E+00
0.117202E+02 0.148138E+00
0.117302E+02 0.148128E+00
0.117402E+02 0.148154E+00
0.117502E+02 0.148100E+00
0.117602E+02 0.148087E+00
0.117702E+02 0.148075E+00
0.117802E+02 0.148062E+00
0.117902E+02 0.148049E+00
0.118002E+02 0.148034E+00
0.118102E+02 0.148020E+00
0.118202E+02 0.148006E+00
0.118302E+02 0.147993E+00
0.118402E+02 0.147978E+00
0.118502E+02 0.147962E+00
0.118602E+02 0.147948E+00
0.118702E+02 0.147934E+00
0.118802E+02 0.147919E+00
0.118902E+02 0.147904E+00
0.119002E+02 0.147891E+00
0.119102E+02 0.147877E+00
0.119202E+02 0.147863E+00
0.119302E+02 0.147849E+00
0.119402E+02 0.147837E+00
0.119502E+02 0.147822E+00
0.119602E+02 0.147810E+00
0.119702E+02 0.147795E+00
0.119802E+02 0.147783E+00
0.119902E+02 0.147771E+00
0.120002E+02 0.147760E+00
0.120102E+02 0.147749E+00
0.120202E+02 0.147738E+00
0.120302E+02 0.147729E+00
0.120402E+02 0.147719E+00
0.120502E+02 0.147707E+00
0.120602E+02 0.147703E+00
0.120702E+02 0.147694E+00
0.120802E+02 0.147686E+00
0.120902E+02 0.147679E+00
0.121002E+02 0.147673E+00
0.121102E+02 0.147668E+00
0.121202E+02 0.147665E+00
0.121302E+02 0.147661E+00
0.121402E+02 0.147658E+00
0.121502E+02 0.147655E+00
0.121602E+02 0.147654E+00
0.121702E+02 0.147656E+00
0.121802E+02 0.147656E+00
0.121902E+02 0.147657E+00
0.122002E+02 0.147659E+00
0.122102E+02 0.147662E+00
0.122202E+02 0.147668E+00
0.122302E+02 0.147673E+00
0.122402E+02 0.147680E+00
0.122502E+02 0.147689E+00
0.122602E+02 0.147697E+00
0.122702E+02 0.147709E+00
0.122802E+02 0.147719E+00
0.122902E+02 0.147732E+00
0.123002E+02 0.147744E+00
0.123102E+02 0.147760E+00
0.123202E+02 0.147776E+00
0.123302E+02 0.147794E+00
0.123402E+02 0.147940E+00
0.123502E+02 0.147832E+00
0.123602E+02 0.147855E+00
0.123702E+02 0.147877E+00
0.123802E+02 0.147901E+00
0.123902E+02 0.147921E+00
0.124002E+02 0.147943E+00
0.124102E+02 0.147961E+00
0.124202E+02 0.147977E+00
0.124302E+02 0.147991E+00
0.124402E+02 0.148008E+00
0.124502E+02 0.148021E+00
0.124602E+02 0.148033E+00
0.124702E+02 0.148044E+00
0.124802E+02 0.148053E+00
0.124902E+02 0.148060E+00
0.125002E+02 0.148069E+00
0.125102E+02 0.148074E+00
0.125202E+02 0.148078E+00
0.125302E+02 0.148081E+00
0.125402E+02 0.148086E+00
0.125502E+02 0.148085E+00
0.125602E+02 0.148088E+00
0.125702E+02 0.148089E+00
0.125802E+02 0.148086E+00
0.125902E+02 0.148085E+00
0.126002E+02 0.148086E+00
0.126102E+02 0.148082E+00
0.126202E+02 0.148077E+00
0.126302E+02 0.148073E+00
0.126402E+02 0.148067E+00
0.126502E+02 0.148061E+00
0.126602E+02 0.148053E+00
0.126702E+02 0.148048E+00
0.126802E+02 0.148040E+00
0.126902E+02 0.148032E+00
0.127002E+02 0.148024E+00
0.127102E+02 0.148013E+00
0.127202E+02 0.148004E+00
0.127302E+02 0.147997E+00
0.127402E+02 0.147985E+00
0.127502E+02 0.147974E+00
0.127602E+02 0.147962E+00
0.127702E+02 0.147952E+00
0.127802E+02 0.147941E+00
0.127902E+02 0.147928E+00
0.128002E+02 0.147916E+00
0.128102E+02 0.147905E+00
0.128202E+02 0.147892E+00
0.128302E+02 0.147881E+00
0.128402E+02 0.147868E+00
0.128502E+02 0.147855E+00
0.128602E+02 0.147843E+00
0.128702E+02 0.147830E+00
0.128802E+02 0.147817E+00
0.128902E+02 0.147805E+00
0.129002E+02 0.147794E+00
0.129102E+02 0.147782E+00
0.129202E+02 0.147769E+00
0.129302E+02 0.147757E+00
0.129402E+02 0.147746E+00
0.129502E+02 0.147734E+00
0.129602E+02 0.147723E+00
0.129702E+02 0.147712E+00
0.129802E+02 0.147701E+00
0.129902E+02 0.147691E+00
0.130002E+02 0.147682E+00
0.130102E+02 0.147672E+00
0.130202E+02 0.147663E+00
0.130302E+02 0.147652E+00
0.130402E+02 0.147646E+00
0.130502E+02 0.147638E+00
0.130602E+02 0.147630E+00
0.130702E+02 0.147623E+00
0.130802E+02 0.147619E+00
0.130902E+02 0.147612E+00
0.131002E+02 0.147606E+00
0.131102E+02 0.147601E+00
0.131202E+02 0.147600E+00
0.131302E+02 0.147595E+00
0.131402E+02 0.147594E+00
0.131502E+02 0.147591E+00
0.131602E+02 0.147590E+00
0.131702E+02 0.147590E+00
0.131802E+02 0.147590E+00
0.131902E+02 0.147593E+00
0.132002E+02 0.147595E+00
0.132102E+02 0.147597E+00
0.132202E+02 0.147601E+00
0.132302E+02 0.147606E+00
0.132402E+02 0.147612E+00
0.132502E+02 0.147620E+00
0.132602E+02 0.147626E+00
0.132702E+02 0.147637E+00
0.132802E+02 0.147645E+00
0.132902E+02 0.147655E+00
0.133002E+02 0.147666E+00
0.133102E+02 0.147680E+00
0.133202E+02 0.147693E+00
0.133302E+02 0.147709E+00
0.133402E+02 0.147724E+00
0.133502E+02 0.147741E+00
0.133602E+02 0.147761E+00
0.133702E+02 0.147780E+00
0.133802E+02 0.147800E+00
0.133902E+02 0.147818E+00
0.134002E+02 0.147835E+00
0.134102E+02 0.147854E+00
0.134202E+02 0.147866E+00
0.134302E+02 0.147881E+00
0.134402E+02 0.147892E+00
0.134502E+02 0.147904E+00
0.134602E+02 0.147913E+00
0.134702E+02 0.147925E+00
0.134802E+02 0.147933E+00
0.134902E+02 0.147940E+00
0.135002E+02 0.147946E+00
0.135102E+02 0.147951E+00
0.135202E+02 0.147957E+00
0.135302E+02 0.147959E+00
0.135402E+02 0.147962E+00
0.135502E+02 0.147961E+00
0.135602E+02 0.147963E+00
0.135702E+02 0.147964E+00
0.135802E+02 0.147965E+00
0.135902E+02 0.147964E+00
0.136002E+02 0.147961E+00
0.136102E+02 0.147956E+00
0.136202E+02 0.147954E+00
0.136302E+02 0.147952E+00
0.136402E+02 0.147946E+00
0.136502E+02 0.147941E+00
0.136602E+02 0.147933E+00
0.136702E+02 0.147931E+00
0.136802E+02 0.147924E+00
0.136902E+02 0.147915E+00
0.137002E+02 0.147910E+00
0.137102E+02 0.147901E+00
0.137202E+02 0.147895E+00
0.137302E+02 0.147883E+00
0.137402E+02 0.147876E+00
0.137502E+02 0.147865E+00
0.137602E+02 0.147855E+00
0.137702E+02 0.147846E+00
0.137802E+02 0.147836E+00
0.137902E+02 0.147826E+00
0.138002E+02 0.147817E+00
0.138102E+02 0.147806E+00
0.138202E+02 0.147795E+00
0.138302E+02 0.147788E+00
0.138402E+02 0.147774E+00
0.138502E+02 0.147764E+00
0.138602E+02 0.147753E+00
0.138702E+02 0.147742E+00
0.138802E+02 0.147731E+00
0.138902E+02 0.147721E+00
0.139002E+02 0.147710E+00
0.139102E+02 0.147699E+00
0.139202E+02 0.147689E+00
0.139302E+02 0.147679E+00
0.139402E+02 0.147668E+00
0.139502E+02 0.147658E+00
0.139602E+02 0.147649E+00
0.139702E+02 0.147640E+00
0.139802E+02 0.147630E+00
0.139902E+02 0.147620E+00
0.140002E+02 0.147613E+00
0.140102E+02 0.147604E+00
0.140202E+02 0.147597E+00
0.140302E+02 0.147588E+00
0.140402E+02 0.147581E+00
0.140502E+02 0.147575E+00
0.140602E+02 0.147568E+00
0.140702E+02 0.147562E+00
0.140802E+02 0.147557E+00
0.140902E+02 0.147550E+00
0.141002E+02 0.147547E+00
0.141102E+02 0.147541E+00
0.141202E+02 0.147540E+00
0.141302E+02 0.147539E+00
0.141402E+02 0.147537E+00
0.141502E+02 0.147534E+00
0.141602E+02 0.147532E+00
0.141702E+02 0.147534E+00
0.141802E+02 0.147533E+00
0.141902E+02 0.147535E+00
0.142002E+02 0.147535E+00
0.142102E+02 0.147537E+00
0.142202E+02 0.147542E+00
0.142302E+02 0.147547E+00
0.142402E+02 0.147552E+00
0.142502E+02 0.147556E+00
0.142602E+02 0.147564E+00
0.142702E+02 0.147571E+00
0.142802E+02 0.147579E+00
0.142902E+02 0.147588E+00
0.143002E+02 0.147598E+00
0.143102E+02 0.147607E+00
0.143202E+02 0.147622E+00
0.143302E+02 0.147635E+00
0.143402E+02 0.147649E+00
0.143502E+02 0.147665E+00
0.143602E+02 0.147680E+00
0.143702E+02 0.147697E+00
0.143802E+02 0.147713E+00
0.143902E+02 0.147730E+00
0.144002E+02 0.147747E+00
0.144102E+02 0.147760E+00
0.144202E+02 0.147772E+00
0.144302E+02 0.147785E+00
0.144402E+02 0.147795E+00
0.144502E+02 0.147806E+00
0.144602E+02 0.147814E+00
0.144702E+02 0.147823E+00
0.144802E+02 0.147828E+00
0.144902E+02 0.147836E+00
0.145002E+02 0.147841E+00
0.145102E+02 0.147848E+00
0.145202E+02 0.147851E+00
0.145302E+02 0.147852E+00
0.145402E+02 0.147856E+00
0.145502E+02 0.147858E+00
0.145602E+02 0.147858E+00
0.145702E+02 0.147859E+00
0.145802E+02 0.147858E+00
0.145902E+02 0.147856E+00
0.146002E+02 0.147856E+00
0.146102E+02 0.147852E+00
0.146202E+02 0.147850E+00
0.146302E+02 0.147847E+00
0.146402E+02 0.147843E+00
0.146502E+02 0.147838E+00
0.146602E+02 0.147835E+00
0.146702E+02 0.147828E+00
0.146802E+02 0.147823E+00
0.146902E+02 0.147817E+00
0.147002E+02 0.147809E+00
0.147102E+02 0.147804E+00
0.147202E+02 0.147797E+00
0.147302E+02 0.147790E+00
0.147402E+02 0.147783E+00
0.147502E+02 0.147774E+00
0.147602E+02 0.147765E+00
0.147702E+02 0.147759E+00
0.147802E+02 0.147747E+00
0.147902E+02 0.147737E+00
0.148002E+02 0.147731E+00
0.148102E+02 0.147721E+00
0.148202E+02 0.147712E+00
0.148302E+02 0.147703E+00
0.148402E+02 0.147694E+00
0.148502E+02 0.147685E+00
0.148602E+02 0.147673E+00
0.148702E+02 0.147665E+00
0.148802E+02 0.147655E+00
0.148902E+02 0.147646E+00
0.149002E+02 0.147637E+00
0.149102E+02 0.147629E+00
0.149202E+02 0.147618E+00
0.149302E+02 0.147611E+00
0.149402E+02 0.147601E+00
0.149502E+02 0.147593E+00
0.149602E+02 0.147583E+00
0.149702E+02 0.147576E+00
0.149802E+02 0.147568E+00
0.149902E+02 0.147561E+00
0.150002E+02 0.147552E+00
0.150102E+02 0.147545E+00
0.150202E+02 0.147537E+00
0.150302E+02 0.147532E+00
0.150402E+02 0.147525E+00
0.150503E+02 0.147519E+00
0.150603E+02 0.147515E+00
0.150703E+02 0.147509E+00
0.150803E+02 0.147503E+00
0.150903E+02 0.147499E+00
0.151003E+02 0.147494E+00
0.151103E+02 0.147490E+00
0.151203E+02 0.147488E+00
0.151303E+02 0.147484E+00
0.151403E+02 0.147485E+00
0.151503E+02 0.147481E+00
0.151603E+02 0.147480E+00
0.151703E+02 0.147482E+00
0.151803E+02 0.147483E+00
0.151903E+02 0.147484E+00
0.152003E+02 0.147484E+00
0.152103E+02 0.147486E+00
0.152203E+02 0.147489E+00
0.152303E+02 0.147492E+00
0.152403E+02 0.147497E+00
0.152503E+02 0.147503E+00
0.152603E+02 0.147506E+00
0.152703E+02 0.147517E+00
0.152803E+02 0.147522E+00
0.152903E+02 0.147531E+00
0.153003E+02 0.147538E+00
0.153103E+02 0.147548E+00
0.153203E+02 0.147560E+00
0.153303E+02 0.147571E+00
0.153403E+02 0.147581E+00
0.153503E+02 0.147595E+00
0.153603E+02 0.147610E+00
0.153703E+02 0.147626E+00
0.153803E+02 0.147641E+00
0.153903E+02 0.147654E+00
0.154003E+02 0.147669E+00
0.154103E+02 0.147680E+00
0.154203E+02 0.147691E+00
0.154303E+02 0.147701E+00
0.154403E+02 0.147710E+00
0.154503E+02 0.147721E+00
0.154603E+02 0.147728E+00
0.154703E+02 0.147736E+00
0.154803E+02 0.147744E+00
0.154903E+02 0.147746E+00
0.155003E+02 0.147753E+00
0.155103E+02 0.147756E+00
0.155203E+02 0.147760E+00
0.155303E+02 0.147762E+00
0.155403E+02 0.147764E+00
0.155503E+02 0.147768E+00
0.155603E+02 0.147767E+00
0.155703E+02 0.147770E+00
0.155803E+02 0.147768E+00
0.155903E+02 0.147768E+00
0.156003E+02 0.147766E+00
0.156103E+02 0.147761E+00
0.156203E+02 0.147761E+00
0.156303E+02 0.147759E+00
0.156403E+02 0.147754E+00
0.156503E+02 0.147750E+00
0.156603E+02 0.147746E+00
0.156703E+02 0.147744E+00
0.156803E+02 0.147737E+00
0.156903E+02 0.147731E+00
0.157003E+02 0.147726E+00
0.157103E+02 0.147721E+00
0.157203E+02 0.147713E+00
0.157303E+02 0.147708E+00
0.157403E+02 0.147700E+00
0.157503E+02 0.147692E+00
0.157603E+02 0.147685E+00
0.157703E+02 0.147679E+00
0.157803E+02 0.147670E+00
0.157903E+02 0.147664E+00
0.158003E+02 0.147656E+00
0.158103E+02 0.147649E+00
0.158203E+02 0.147639E+00
0.158303E+02 0.147629E+00
0.158403E+02 0.147625E+00
0.158503E+02 0.147616E+00
0.158603E+02 0.147605E+00
0.158703E+02 0.147599E+00
0.158803E+02 0.147590E+00
0.158903E+02 0.147580E+00
0.159003E+02 0.147572E+00
0.159103E+02 0.147564E+00
0.159203E+02 0.147558E+00
0.159303E+02 0.147551E+00
0.159403E+02 0.147540E+00
0.159503E+02 0.147533E+00
0.159603E+02 0.147526E+00
0.159703E+02 0.147518E+00
0.159803E+02 0.147511E+00
0.159903E+02 0.147504E+00
0.160003E+02 0.147500E+00
0.160103E+02 0.147489E+00
0.160203E+02 0.147484E+00
0.160303E+02 0.147479E+00
0.160403E+02 0.147475E+00
0.160503E+02 0.147469E+00
0.160603E+02 0.147462E+00
0.160703E+02 0.147458E+00
0.160803E+02 0.147455E+00
0.160903E+02 0.147449E+00
0.161003E+02 0.147449E+00
0.161103E+02 0.147443E+00
0.161203E+02 0.147440E+00
0.161303E+02 0.147438E+00
0.161403E+02 0.147437E+00
0.161503E+02 0.147435E+00
0.161603E+02 0.147435E+00
0.161703E+02 0.147434E+00
0.161803E+02 0.147435E+00
0.161903E+02 0.147436E+00
0.162003E+02 0.147438E+00
0.162103E+02 0.147440E+00
0.162203E+02 0.147443E+00
0.162303E+02 0.147445E+00
0.162403E+02 0.147448E+00
0.162503E+02 0.147453E+00
0.162603E+02 0.147456E+00
0.162703E+02 0.147464E+00
0.162803E+02 0.147471E+00
0.162903E+02 0.147479E+00
0.163003E+02 0.147484E+00
0.163103E+02 0.147494E+00
0.163203E+02 0.147503E+00
0.163303E+02 0.147514E+00
0.163403E+02 0.147525E+00
0.163503E+02 0.147535E+00
0.163603E+02 0.147549E+00
0.163703E+02 0.147561E+00
0.163803E+02 0.147576E+00
0.163903E+02 0.147588E+00
0.164003E+02 0.147599E+00
0.164103E+02 0.147612E+00
0.164203E+02 0.147620E+00
0.164303E+02 0.147632E+00
0.164403E+02 0.147639E+00
0.164503E+02 0.147645E+00
0.164603E+02 0.147654E+00
0.164703E+02 0.147658E+00
0.164803E+02 0.147665E+00
0.164903E+02 0.147671E+00
0.165003E+02 0.147674E+00
0.165103E+02 0.147680E+00
0.165203E+02 0.147685E+00
0.165303E+02 0.147685E+00
0.165403E+02 0.147691E+00
0.165503E+02 0.147687E+00
0.165603E+02 0.147689E+00
0.165703E+02 0.147688E+00
0.165803E+02 0.147688E+00
0.165903E+02 0.147689E+00
0.166003E+02 0.147687E+00
0.166103E+02 0.147685E+00
0.166203E+02 0.147683E+00
0.166303E+02 0.147680E+00
0.166403E+02 0.147677E+00
0.166503E+02 0.147674E+00
0.166603E+02 0.147670E+00
0.166703E+02 0.147667E+00
0.166803E+02 0.147659E+00
0.166903E+02 0.147657E+00
0.167003E+02 0.147652E+00
0.167103E+02 0.147649E+00
0.167203E+02 0.147641E+00
0.167303E+02 0.147635E+00
0.167403E+02 0.147631E+00
0.167503E+02 0.147623E+00
0.167603E+02 0.147618E+00
0.167703E+02 0.147611E+00
0.167803E+02 0.147604E+00
0.167903E+02 0.147597E+00
0.168003E+02 0.147589E+00
0.168103E+02 0.147583E+00
0.168203E+02 0.147574E+00
0.168303E+02 0.147569E+00
0.168403E+02 0.147562E+00
0.168503E+02 0.147556E+00
0.168603E+02 0.147546E+00
0.168703E+02 0.147540E+00
0.168803E+02 0.147531E+00
0.168903E+02 0.147525E+00
0.169003E+02 0.147520E+00
0.169103E+02 0.147510E+00
0.169203E+02 0.147503E+00
0.169303E+02 0.147494E+00
0.169403E+02 0.147488E+00
0.169503E+02 0.147482E+00
0.169603E+02 0.147474E+00
0.169703E+02 0.147468E+00
0.169803E+02 0.147463E+00
0.169903E+02 0.147455E+00
0.170003E+02 0.147451E+00
0.170103E+02 0.147444E+00
0.170203E+02 0.147437E+00
0.170303E+02 0.147432E+00
0.170403E+02 0.147428E+00
0.170503E+02 0.147423E+00
0.170603E+02 0.147419E+00
0.170703E+02 0.147414E+00
0.170803E+02 0.147410E+00
0.170903E+02 0.147407E+00
0.171003E+02 0.147404E+00
0.171103E+02 0.147400E+00
0.171203E+02 0.147396E+00
0.171303E+02 0.147398E+00
0.171403E+02 0.147395E+00
0.171503E+02 0.147395E+00
0.171603E+02 0.147393E+00
0.171703E+02 0.147394E+00
0.171803E+02 0.147395E+00
0.171903E+02 0.147394E+00
0.172003E+02 0.147398E+00
0.172103E+02 0.147398E+00
0.172203E+02 0.147400E+00
0.172303E+02 0.147401E+00
0.172403E+02 0.147408E+00
0.172503E+02 0.147409E+00
0.172603E+02 0.147414E+00
0.172703E+02 0.147420E+00
0.172803E+02 0.147426E+00
0.172903E+02 0.147431E+00
0.173003E+02 0.147438E+00
0.173103E+02 0.147446E+00
0.173203E+02 0.147453E+00
0.173303E+02 0.147462E+00
0.173403E+02 0.147471E+00
0.173503E+02 0.147482E+00
0.173603E+02 0.147493E+00
0.173703E+02 0.147506E+00
0.173803E+02 0.147518E+00
0.173903E+02 0.147527E+00
0.174003E+02 0.147540E+00
0.174103E+02 0.147550E+00
0.174203E+02 0.147558E+00
0.174303E+02 0.147567E+00
0.174403E+02 0.147576E+00
0.174503E+02 0.147582E+00
0.174603E+02 0.147589E+00
0.174703E+02 0.147594E+00
0.174803E+02 0.147600E+00
0.174903E+02 0.147606E+00
0.175003E+02 0.147608E+00
0.175103E+02 0.147611E+00
0.175203E+02 0.147615E+00
0.175303E+02 0.147615E+00
0.175403E+02 0.147620E+00
0.175503E+02 0.147620E+00
0.175603E+02 0.147620E+00
0.175703E+02 0.147619E+00
0.175803E+02 0.147620E+00
0.175903E+02 0.147619E+00
0.176003E+02 0.147618E+00
0.176103E+02 0.147616E+00
0.176203E+02 0.147614E+00
0.176303E+02 0.147612E+00
0.176403E+02 0.147610E+00
0.176503E+02 0.147606E+00
0.176603E+02 0.147603E+00
0.176703E+02 0.147600E+00
0.176803E+02 0.147598E+00
0.176903E+02 0.147592E+00
0.177003E+02 0.147588E+00
0.177103E+02 0.147581E+00
0.177203E+02 0.147578E+00
0.177303E+02 0.147572E+00
0.177403E+02 0.147566E+00
0.177503E+02 0.147561E+00
0.177603E+02 0.147556E+00
0.177703E+02 0.147550E+00
0.177803E+02 0.147546E+00
0.177903E+02 0.147539E+00
0.178003E+02 0.147532E+00
0.178103E+02 0.147523E+00
0.178203E+02 0.147520E+00
0.178303E+02 0.147514E+00
0.178403E+02 0.147507E+00
0.178503E+02 0.147501E+00
0.178603E+02 0.147492E+00
0.178703E+02 0.147488E+00
0.178803E+02 0.147480E+00
0.178903E+02 0.147476E+00
0.179003E+02 0.147467E+00
0.179103E+02 0.147459E+00
0.179203E+02 0.147453E+00
0.179303E+02 0.147448E+00
0.179403E+02 0.147440E+00
0.179503E+02 0.147436E+00
0.179603E+02 0.147429E+00
0.179703E+02 0.147423E+00
0.179803E+02 0.147418E+00
0.179903E+02 0.147411E+00
0.180003E+02 0.147407E+00
0.180103E+02 0.147401E+00
0.180203E+02 0.147395E+00
0.180303E+02 0.147391E+00
0.180403E+02 0.147387E+00
0.180503E+02 0.147382E+00
0.180603E+02 0.147379E+00
0.180703E+02 0.147376E+00
0.180803E+02 0.147373E+00
0.180903E+02 0.147369E+00
0.181003E+02 0.147365E+00
0.181103E+02 0.147363E+00
0.181203E+02 0.147359E+00
0.181303E+02 0.147359E+00
0.181403E+02 0.147356E+00
0.181503E+02 0.147356E+00
0.181603E+02 0.147355E+00
0.181703E+02 0.147356E+00
0.181803E+02 0.147357E+00
0.181903E+02 0.147357E+00
0.182003E+02 0.147357E+00
0.182103E+02 0.147357E+00
0.182203E+02 0.147360E+00
0.182303E+02 0.147362E+00
0.182403E+02 0.147366E+00
0.182503E+02 0.147369E+00
0.182603E+02 0.147374E+00
0.182703E+02 0.147378E+00
0.182803E+02 0.147383E+00
0.182903E+02 0.147391E+00
0.183003E+02 0.147395E+00
0.183103E+02 0.147401E+00
0.183203E+02 0.147409E+00
0.183303E+02 0.147419E+00
0.183403E+02 0.147424E+00
0.183503E+02 0.147435E+00
0.183603E+02 0.147444E+00
0.183703E+02 0.147455E+00
0.183803E+02 0.147467E+00
0.183903E+02 0.147477E+00
0.184003E+02 0.147487E+00
0.184103E+02 0.147494E+00
0.184203E+02 0.147502E+00
0.184303E+02 0.147511E+00
0.184403E+02 0.147519E+00
0.184503E+02 0.147525E+00
0.184603E+02 0.147529E+00
0.184703E+02 0.147532E+00
0.184803E+02 0.147539E+00
0.184903E+02 0.147544E+00
0.185003E+02 0.147548E+00
0.185103E+02 0.147550E+00
0.185203E+02 0.147556E+00
0.185303E+02 0.147556E+00
0.185403E+02 0.147558E+00
0.185503E+02 0.147560E+00
0.185603E+02 0.147560E+00
0.185703E+02 0.147558E+00
0.185803E+02 0.147559E+00
0.185903E+02 0.147558E+00
0.186003E+02 0.147556E+00
0.186103E+02 0.147558E+00
0.186203E+02 0.147555E+00
0.186303E+02 0.147555E+00
0.186403E+02 0.147551E+00
0.186503E+02 0.147546E+00
0.186603E+02 0.147544E+00
0.186703E+02 0.147541E+00
0.186803E+02 0.147537E+00
0.186903E+02 0.147533E+00
0.187003E+02 0.147527E+00
0.187103E+02 0.147526E+00
0.187203E+02 0.147520E+00
0.187303E+02 0.147516E+00
0.187403E+02 0.147513E+00
0.187503E+02 0.147507E+00
0.187603E+02 0.147501E+00
0.187703E+02 0.147497E+00
0.187803E+02 0.147493E+00
0.187903E+02 0.147486E+00
0.188003E+02 0.147481E+00
0.188103E+02 0.147474E+00
0.188203E+02 0.147468E+00
0.188303E+02 0.147463E+00
0.188403E+02 0.147456E+00
0.188503E+02 0.147450E+00
0.188603E+02 0.147444E+00
0.188703E+02 0.147438E+00
0.188803E+02 0.147436E+00
0.188903E+02 0.147428E+00
0.189003E+02 0.147422E+00
0.189103E+02 0.147414E+00
0.189203E+02 0.147410E+00
0.189303E+02 0.147403E+00
0.189403E+02 0.147399E+00
0.189503E+02 0.147395E+00
0.189603E+02 0.147387E+00
0.189703E+02 0.147381E+00
0.189803E+02 0.147378E+00
0.189903E+02 0.147373E+00
0.190003E+02 0.147367E+00
0.190103E+02 0.147363E+00
0.190203E+02 0.147358E+00
0.190303E+02 0.147353E+00
0.190403E+02 0.147347E+00
0.190503E+02 0.147346E+00
0.190603E+02 0.147343E+00
0.190703E+02 0.147338E+00
0.190803E+02 0.147338E+00
0.190903E+02 0.147333E+00
0.191003E+02 0.147331E+00
0.191103E+02 0.147329E+00
0.191203E+02 0.147324E+00
0.191303E+02 0.147327E+00
0.191403E+02 0.147324E+00
0.191503E+02 0.147322E+00
0.191603E+02 0.147320E+00
0.191703E+02 0.147320E+00
0.191803E+02 0.147322E+00
0.191903E+02 0.147323E+00
0.192003E+02 0.147322E+00
0.192103E+02 0.147322E+00
0.192203E+02 0.147325E+00
0.192303E+02 0.147326E+00
0.192403E+02 0.147331E+00
0.192503E+02 0.147334E+00
0.192603E+02 0.147337E+00
0.192703E+02 0.147342E+00
0.192803E+02 0.147348E+00
0.192903E+02 0.147352E+00
0.193003E+02 0.147358E+00
0.193103E+02 0.147362E+00
0.193203E+02 0.147368E+00
0.193303E+02 0.147377E+00
0.193403E+02 0.147382E+00
0.193503E+02 0.147393E+00
0.193603E+02 0.147401E+00
0.193703E+02 0.147410E+00
0.193803E+02 0.147420E+00
0.193903E+02 0.147429E+00
0.194003E+02 0.147437E+00
0.194103E+02 0.147447E+00
0.194203E+02 0.147457E+00
0.194303E+02 0.147462E+00
0.194403E+02 0.147470E+00
0.194503E+02 0.147474E+00
0.194604E+02 0.147477E+00
0.194704E+02 0.147482E+00
0.194804E+02 0.147488E+00
0.194904E+02 0.147491E+00
0.195004E+02 0.147495E+00
0.195104E+02 0.147498E+00
0.195204E+02 0.147498E+00
0.195304E+02 0.147502E+00
0.195404E+02 0.147505E+00
0.195504E+02 0.147504E+00
0.195604E+02 0.147506E+00
0.195704E+02 0.147504E+00
0.195804E+02 0.147506E+00
0.195904E+02 0.147504E+00
0.196004E+02 0.147503E+00
0.196104E+02 0.147502E+00
0.196204E+02 0.147501E+00
0.196304E+02 0.147500E+00
0.196404E+02 0.147499E+00
0.196504E+02 0.147495E+00
0.196604E+02 0.147492E+00
0.196704E+02 0.147488E+00
0.196804E+02 0.147485E+00
0.196904E+02 0.147483E+00
0.197004E+02 0.147479E+00
0.197104E+02 0.147474E+00
0.197204E+02 0.147472E+00
0.197304E+02 0.147467E+00
0.197404E+02 0.147462E+00
0.197504E+02 0.147459E+00
0.197604E+02 0.147453E+00
0.197704E+02 0.147447E+00
0.197804E+02 0.147444E+00
0.197904E+02 0.147440E+00
0.198004E+02 0.147435E+00
0.198104E+02 0.147428E+00
0.198204E+02 0.147423E+00
0.198304E+02 0.147417E+00
0.198404E+02 0.147415E+00
0.198504E+02 0.147405E+00
0.198604E+02 0.147402E+00
0.198704E+02 0.147395E+00
0.198804E+02 0.147392E+00
0.198904E+02 0.147385E+00
0.199004E+02 0.147379E+00
0.199104E+02 0.147374E+00
0.199204E+02 0.147367E+00
0.199304E+02 0.147365E+00
0.199404E+02 0.147360E+00
0.199504E+02 0.147355E+00
0.199604E+02 0.147349E+00
0.199704E+02 0.147346E+00
0.199804E+02 0.147340E+00
0.199904E+02 0.147337E+00
